4
5 15
50 110 302 302 302
0.16960564557313662 0.18608785260301466 0.22460986439846642 0.16392308674633388 0.8896107755771231
0.1532494850922058 0.2408825976408011 0.2087457770500654 0.2387123127542444 0.931948970813046
0.21674558271509653 0.17398957258299186 0.1800977705859956 0.22172072908283513 0.8711245115434469
0.21674558271509653 0.17398957258299186 0.1800977705859956 0.22172072908283513 0.8711245115434469
=========================================================================================================
 Iter           Energy                Delta_Energy             Delta_Density      [F,D]          Time
=========================================================================================================
  1        -648.4871891317             -648.4871891317         0.7589720963        0.000000     2.460971
  2        -644.7437751682                3.7434139636         0.1935179330        0.487802     2.551624
  3        -644.8928161206               -0.1490409525         0.1042473678        1.404619     2.605020
  4        -644.9100875978               -0.0172714771         0.0669357485        1.954929     2.563486
  5        -644.9145781231               -0.0044905253         0.0128226637        3.104714     2.588555
  6        -644.9151190131               -0.0005408900         0.0059543902        3.875568     2.542930
  7        -644.9151841314               -0.0000651183         0.0027839452        4.688949     2.534254
  8        -644.9151979690               -0.0000138376         0.0013598348        5.825840     2.528984
  9        -644.9151988571               -0.0000008880         0.0004436300        6.598997     2.502507

=========================================================================================================
 Iter           Energy                Delta_Energy             Delta_Density      [F,D]          Time
=========================================================================================================
  1        -648.5640400556             -648.5640400556         0.7613759499        0.000000     2.546812
  2        -644.8211415035                3.7428985521         0.1966331931        0.487772     2.634631
  3        -644.9701996517               -0.1490581481         0.1034965686        1.404638     2.669198
  4        -644.9874705524               -0.0172709008         0.0673075142        1.955203     2.630158
  5        -644.9919590107               -0.0044884583         0.0129138673        3.104966     2.621613
  6        -644.9924995881               -0.0005405774         0.0060175078        3.876025     2.611050
  7        -644.9925646513               -0.0000650632         0.0027816781        4.688915     2.609556
  8        -644.9925784924               -0.0000138410         0.0012938039        5.826242     2.620059
  9        -644.9925794044               -0.0000009120         0.0004725635        6.598940     2.808221

=========================================================================================================
 Iter           Energy                Delta_Energy             Delta_Density      [F,D]          Time
=========================================================================================================
  1        -396.9370462482             -396.9370462482        22.5209320900        0.000000     3.962726
  2        -396.0636188271                0.8734274211        22.4530138714       -1.196517     4.128330

=========================================================================================================
 Iter           Energy                Delta_Energy             Delta_Density      [F,D]          Time
=========================================================================================================
  1        -396.9370462482             -396.9370462482        22.5209320984        0.000000     3.936268
  2        -396.0636188272                0.8734274209        22.4530138804       -1.196517     4.126567

=========================================================================================================
 Iter           Energy                Delta_Energy             Delta_Density      [F,D]          Time
=========================================================================================================
  1        -396.9370462482             -396.9370462482        22.5209320838        0.000000     4.152499
  2        -396.0636188272                0.8734274210        22.4530138658       -1.196517     4.260594

=========================================================================================================
 Iter           Energy                Delta_Energy             Delta_Density      [F,D]          Time
=========================================================================================================
  1        -396.9370462482             -396.9370462482        22.5209319477        0.000000    14.642115
  2        -396.0636188271                0.8734274211        22.4530137348       -1.196517    14.672634

=========================================================================================================
 Iter           Energy                Delta_Energy             Delta_Density      [F,D]          Time
=========================================================================================================
  1        -396.9370462482             -396.9370462482        22.5209322439        0.000000     8.167588
<<<<<<< HEAD
  2        -396.0636188276                0.8734274206        22.4530140287       -1.196517     8.376129
=======
  2        -396.0636188276                0.8734274206        22.4530140287       -1.196517     8.376129
>>>>>>> 98fd791 (rebase with mpi-dev.)
